1.223291357900426979e+00
1.101401630710358903e+00
9.372322945784922199e-01
8.790218780386583886e-01
1.083381374727913737e+00
8.941743570326964319e-01
1.169628739307098098e+00
1.096750275484601023e+00
1.015962061382754689e+00
1.063323224431326874e+00
1.018631026702408793e+00
8.743069809013916949e-01
1.061352355710076356e+00
1.015412682781822840e+00
7.138416413909129954e-01
1.165033645710382482e+00
7.896512408359427360e-01
9.662378099734927339e-01
7.995691051330870991e-01
1.045558227051155642e+00
8.919761747297054733e-01
1.381737190084307620e+00
1.197593668060247030e+00
1.010894545286688206e+00
9.615837793127391953e-01
1.020701561161773796e+00
1.172085397750057600e+00
1.206439113765315430e+00
9.291724048876470743e-01
1.078612734396937611e+00
1.222766188882779437e+00
1.222364837328077991e+00
1.109219576412588504e+00
9.415527875708883387e-01
1.041834063794010889e+00
1.007785029926649312e+00
8.432884476464113099e-01
9.757738699078715161e-01
5.809704140847313791e-01
1.054247201019631985e+00
1.036016136810720356e+00
1.071671842678512565e+00
1.031327790298738556e+00
1.137686745244623765e+00
7.882333234429341751e-01
1.183635358237654422e+00
9.181513422930337454e-01
1.136012207887596492e+00
8.526074145839603879e-01
9.050257162566237579e-01
1.123828036024561827e+00
8.073254716692060962e-01
9.479036823326894012e-01
8.383358879431350719e-01
1.145886242296913160e+00
1.061828674698103159e+00
9.801870934788408096e-01
8.989973622866178626e-01
1.183333257217082934e+00
8.610379868568809325e-01
1.213749070118587348e+00
9.812815097622469285e-01
1.105823788017988862e+00
1.107932125602893114e+00
1.021219590283436895e+00
9.018327275996925740e-01
8.991843745364112017e-01
1.130555273449253884e+00
1.150486790951054328e+00
9.450325259494979369e-01
1.169207752285393864e+00
1.118887570346002613e+00
7.373736410257389906e-01
8.786695828650772366e-01
7.881097280352118428e-01
8.795485452172713270e-01
1.119742070442019122e+00
1.263399433290084417e+00
9.886743703366994707e-01
1.063026522636795645e+00
1.023483409710731040e+00
9.914708080473213503e-01
9.192649630260498750e-01
1.135208099109491942e+00
1.033741630809326351e+00
1.191668227296074578e+00
1.094390289757215973e+00
1.054283682339894446e+00
1.545808878672861653e+00
8.198168834892931578e-01
8.004950724318000699e-01
1.189155003558046708e+00
9.027811670475354155e-01
1.336795002736669957e+00
8.481409127917218793e-01
9.811091951553524426e-01
9.351375358276725613e-01
1.063890579526729718e+00
1.113495404917864473e+00
8.507718911966806186e-01
8.889138515063875756e-01
1.068734977198473324e+00
1.188587035255522562e+00
9.337443888773987455e-01
1.081200265321046405e+00
1.085091760094490709e+00
9.346927288859191441e-01
1.115021853575531630e+00
1.072127284169272388e+00
8.678077164597095550e-01
8.973571324047506792e-01
1.068102666329105999e+00
8.912250881791109469e-01
7.841760468085512414e-01
1.322618837593124486e+00
1.007304718679240318e+00
1.097066943894613900e+00
8.388273878394538752e-01
1.036711752852770063e+00
1.055635881608462334e+00
1.062134824993191007e+00
1.179504079117134729e+00
1.162370995229822013e+00
1.041537641519180157e+00
1.139555095211774560e+00
1.050249979621741270e+00
1.269114366341024702e+00
8.571103021371271335e-01
9.145114465731738473e-01
1.037037647388795447e+00
1.076693811570809345e+00
9.340293511923531966e-01
1.268536037260456606e+00
1.027139363011999817e+00
1.057293471978045130e+00
1.077228514422697625e+00
1.088750783352456342e+00
1.285048239649294599e+00
1.090047959531802446e+00
9.813073710703504871e-01
1.021957806234787158e+00
1.084790202220222044e+00
9.101782531777926621e-01
1.057003615121549611e+00
9.067125463739765800e-01
1.023347864059874990e+00
7.877294591912588073e-01
1.287670029786618819e+00
1.153236999217875258e+00
9.659242590228462877e-01
1.068955415659416541e+00
1.042414343413903488e+00
8.231518306538715413e-01
1.229287224188649885e+00
1.176027809860864526e+00
6.394956316984934386e-01
7.744926198269341810e-01
1.245741356977247305e+00
1.159311960121695684e+00
8.176247908504726825e-01
7.795901456810514496e-01
1.073973622331217737e+00
7.914133046986332465e-01
9.887133873953010132e-01
9.619735322252531695e-01
1.213876175674261093e+00
1.117314654832402221e+00
1.244214705440033431e+00
1.132068621649698015e+00
1.126476345419991976e+00
8.537212480185143448e-01
8.067629483850587979e-01
9.988602953793200845e-01
9.917051312358222681e-01
1.040693592205580886e+00
1.062595778155591475e+00
9.061410945800807415e-01
9.632965696542798995e-01
1.118963902955027567e+00
7.906282355472684653e-01
1.110360980601783343e+00
9.907406231973822086e-01
9.449192648816656659e-01
1.087201355362053645e+00
8.070768629237847769e-01
1.127768222225497219e+00
1.102670022916981463e+00
7.979974975372130519e-01
8.533774260748574481e-01
7.727618520107442102e-01
8.393454538791107478e-01
1.053014109563592315e+00
8.758423726340831550e-01
7.755244278018310622e-01
7.723457462876119894e-01
8.443002371283050422e-01
1.099385045653677118e+00
9.063657922755984364e-01
9.034356364531594963e-01
8.970619056268323011e-01
